(flux/flux_err)>3, use_phot =1 and flux>0 in all bands.
Photometric cut: more than 1.5 times brighter in the central band compared to the other two bands.
~~~
Aegis:

F814W - F160W - K/Ks
[ 2464  5743  7383  9922 18598 21756 23812 35058 35711 36447 39277]

F814W - F125W - F160W
[   21   906  2371  3981  4380  4911  6201  6289  6962  7620  7853  8837
  9311 11191 11452 12020 12176 12443 12607 13563 13741 13768 15191 15420
 15760 16356 17105 17286 17327 17916 20293 20690 21913 21982 22847 22860
 23050 23792 23963 24732 26271 26484 27015 28359 30266 30676 30969 31335
 32626 33585 33725 33852 35048 36503 36507 36769 36909 37135 37566 38577
 39052 39837 40340 40344]

F606W - F814W- F125W
[ 4483 14724 15376 15950 18282 18322 18575 18618 19093 19250 20226 23840
 33932 35026 36513 38672]

~~~
Cosmos: 

F814W - F160W - Ks/UVISTA_Ks
[ 1677  1841  2576  2942  3208  3713  3865  4446  4788  5642  6232  6656
  6665 10382 12917 14846 16944 18200 19704 20373 20825 21770 22341 22368
 22697 23607 24694 25064 26357]

F125W - F160W - Ks/UVISTA_Ks
[ 2942  3208  3865  5642  6232  6656 13373 14846 18200 19704 20373 22368
 23607 26357 31664]

F814W - F125W - F160W
[  844  1573  2301  2953  3501  3684  3864  4187  4432  4924  5576  6148
  9296  9566 11356 11609 12201 13267 13528 13883 14206 14906 14923 15091
 15214 16115 17025 17118 17257 18356 18358 19077 19208 20179 21021 21061
 21306 22073 22346 22440 22719 22726 23147 23738 24660]

F606W - F814W - F125W
[ 1119  7693 12442 15605 17546 18388 20181 22244 22271 22319]

~~~
UDS:

F125W - F160W - K 
[   70   411  5178 12628 15589 18097 23793 25635 29817 30396 30800 32883
 34360 38344 41342 43637]

F814W - F125W - F160W
[  210   760  1443  4112  4133  4865  6195  6377  7362  7447  8173  8480
  8547  9204 11010 12539 13027 15891 16197 17891 18255 18399 18477 20986
 21162 21365 22163 22315 25499 27380 27648 28438 29441 29624 29705 29755
 30015 30267 32975 34538 35575 36668 36800 39186 39198 39386 39503 41660
 42037 44064]

F814W - F160W - K
[   70   411  5178  9055 12299 12628 16744 17322 18097 20779 20919 23793
 23919 25215 25635 26435 27556 30800 32883 34360 38344 39944 41342 42751
 43637]

F606W - F814W - F125W
[14478 17317 21730 21920]

~~~
GOODS-N:

F125W - F160W - Ks 
[ 4732  5883  7721 11360 23540 34719]

F775W/HDFI - F125W - F160W
[  595  2667  3315  3831  4013  4022  4259  5687  6459  7300 10639 13728
 13876 13998 15722 16597 18360 18865 19150 19388 19406 22638 24346 24427
 24524 24621 26710 27302 28478 28615 28620 29185 29570 29675 34179 35075
 35396 36852 36886]

F775W - F160 - Ks
 [  903  4732  5883  7585  7721 11360 13789 23540 26328 27635 34719 35957]

F606W - F775W -F125W
[  320  1955  6694  8380 10347 13114 15232 17121 18230 18613 19182 21776
 22717 24411 26451 33957 36716]

F606W - F850LP - F125W/F140W/F160W
[ 1928  3646  3715  4259  4393  4650  5080  6373  6459  7089  7817  9189
  9296 12014 12769 14392 16009 16651 19405 19603 19748 20585 23343 23492
 23685 24121 24964 25196 26011 26804 27161 27884 28439 29329 29828 31075
 32166 33408 34570 36769 37665]

~~~
GOODS-S:

F125W - F160W - Ks/TENIS Ks
[  593,  4527, 13104, 13567, 14777, 24699, 28104, 29345, 38584]

F814W/F775W - F160W - Ks/TENIS Ks
[  593   627  4527  5140  9612 12534 12811 13104 13567 13597 14487 14777
 14799 17462 20321 24699 28104 29345 30427 38584 41194 45699 46560]

F814W/F775W - F125W - F160W
[ 2402  2443  2888  3470  3783  4516  4925  5012 10416 10834 12392 12416
 12719 12913 13625 14546 16027 18268 18636 19680 19688 21024 21672 25385
 25804 27809 27831 30069 32147 32155 32241 33131 33136 34654 34706 35395
 35675 36337 38780 39643 39882 40539 40899 43394 43561 43666 43693 43910
 46676]

F606W - F814W/F775W - F125W
[  976  5419  5447  5522  7489  8278  8402  9324  9638 10030 10616 12949
 13657 13763 21538 26468 26580 29877 32739 32893 36982 38834 40132 40330
 40578 40718 41608 42045 43217 43580 43613 43711 50051 50307 50373]

F606W - F850LP - F125W/F140W/F160W
[  449   596   714   761   824   877   880   927   948   950   999  1405
  1420  1638  1651  1735  1793  1804  1911  1998  2030  2040  2103  2293
  2333  2456  2638  2642  2785  2988  2999  3132  3738  4004  4042  4082
  4300  4381  4391  4597  4697  4711  4724  4844  4867  4869  5038  5050
  5076  5206  5341  5458  5522  5531  5570  5661  6167  6348  6404  6414
  6425  6631  7577  7709  7721  7831  8013  8125  8437  8740  8924  9358
  9542  9544  9649  9911 10036 10316 10370 10670 10837 10931 10971 11058
 11132 11136 11178 11409 11652 11686 11706 12021 12078 12581 12616 12744
 12746 12816 12898 13470 13509 13801 13924 13939 13959 14089 14124 14251
 14257 14288 14309 14462 14470 14504 14533 14712 14741 14768 14926 14933
 15044 15273 15388 15466 15570 15665 15780 15880 15881 15934 15944 15948
 16025 16056 16102 16184 16201 16202 16261 16299 16375 16479 16517 16548
 16884 16957 17020 17285 17366 17400 17429 17457 17484 17543 17580 17594
 17600 17631 17708 17742 17749 17752 17848 17937 18028 18045 18085 18092
 18164 18189 18249 18303 18309 18324 18341 18588 18707 18923 18952 18966
 19341 19372 19461 19578 19693 19764 19821 19834 19887 19906 19958 19979
 20160 20174 20302 20309 20340 20351 20432 20563 20572 20645 20656 20748
 20774 21099 21131 21156 21227 21256 21263 21589 21655 21782 21794 21801
 21842 22205 22229 22416 22430 22431 22436 22476 22519 22540 22592 22731
 22853 22884 22973 22996 23071 23137 23139 23140 23216 23519 23547 23643
 23766 23771 23822 23835 23850 24044 24090 24183 24268 24382 24438 24464
 24522 24606 24650 24664 24751 24795 24799 25025 25082 25192 25392 25543
 25764 25887 25892 25947 25984 26034 26081 26101 26104 26107 26168 26315
 26330 26342 26419 26528 26654 26748 26874 27044 27167 27205 27306 27403
 27452 27586 27694 27900 28013 28233 28311 28320 28580 29098 29126 29137
 29208 29413 29418 29474 29621 29630 29758 29817 29956 30101 30212 30249
 30677 30707 30815 30839 30868 30987 30994 31014 31125 31170 31403 31483
 31521 31537 31692 31823 31934 31962 32141 32147 32163 32264 32305 32339
 32348 32502 32668 32794 33059 33116 33119 33150 33189 33382 33421 33487
 33557 33637 33917 34183 34312 34381 34410 34656 34715 34790 34855 34918
 34940 35029 35059 35198 35404 35442 35719 35795 36056 36191 36206 36337
 36342 36431 36489 36544 36593 36684 36699 36747 36788 36839 36877 36982
 37003 37008 37040 37091 37224 37400 37655 37798 37855 37907 37911 37947
 38123 38217 38338 38377 38736 38856 38945 39091 39146 39158 39339 39556
 39615 39630 39735 39987 40017 40133 40703 40946 41041 41344 41347 41792
 41907 42097 42493 42964 42965 43491 43623 43838 43863 43996 44111 44579
 45147 45187 45356 45681 45760 46581 46726 47479 47545 47809 47931 48037
 48147 49997]